000001
000004
000005
000006
000009
000010
000011
000012
000013
000016
000024
000026
000030
000031
000032
000033
000037
000038
000041
000042
000044
000046
000047
000050
000055
000057
000060
000061
000062
000063
000064
000066
000067
000070
000071
000074
000077
000086
000087
000088
000089
000090
000092
000093
000094
000095
000097
000099
000100
000101
000104
000109
000116
000122
000123
000125
000126
000127
000128
000131
000132
000134
000137
000139
000140
000142
000143
000145
000148
000149
000154
000155
000156
000162
000163
000165
000166
000167
000170
000181
000182
000183
000185
000187
000188
000189
000190
000192
000193
000197
000199
000200
000201
000203
000204
000208
000209
000210
000220
000230
000232
000236
000237
000238
000244
000249
000251
000253
000254
000255
000257
000262
000265
000266
000269
000273
000275
000276
000281
000285
000286
000291
000292
000293
000295
000296
000298
000299
000301
000306
000307
000308
000311
000315
000316
000319
000321
000322
000323
000324
000329
000336
000338
000343
000345
000347
000349
000352
000353
000354
000356
000358
000359
000360
000362
000363
000365
000366
000367
000368
000371
000373
000375
000378
000382
000383
000386
000388
000389
000391
000393
000395
000397
000398
000405
000410
000414
000417
000419
000421
000422
000425
000429
000430
000435
000436
000438
000446
000448
000449
000455
000458
000459
000462
000464
000465
000467
000468
000469
000475
000477
000479
000480
000489
000490
000491
000497
000499
000500
000503
000504
000506
000509
000511
000512
000515
000527
000528
000530
000532
000534
000537
000540
000542
000544
000546
000551
000552
000554
000555
000556
000558
000564
000565
000566
000567
000568
000571
000572
000575
000576
000578
000579
000581
000582
000584
000586
000588
000592
000595
000596
000599
000601
000603
000606
000607
000610
000611
000614
000617
000623
000628
000629
000630
000632
000634
000636
000641
000651
000656
000659
000660
000662
000663
000664
000665
000666
000667
000670
000671
000672
000675
000676
000678
000679
000684
000688
000690
000692
000693
000695
000698
000701
000702
000704
000705
000706
000710
000713
000715
000716
000719
000720
000725
000729
000730
000733
000734
000743
000744
000746
000748
000751
000752
000754
000757
000758
000762
000763
000764
000769
000771
000772
000777
000780
000786
000791
000792
000793
000794
000797
000802
000803
000806
000811
000812
000815
000816
000820
000822
000825
000827
000828
000833
000842
000845
000848
000849
000852
000853
000854
000855
000856
000857
000860
000865
000867
000869
000872
000875
000879
000884
000885
000889
000891
000894
000896
000898
000900
000902
000903
000905
000907
000910
000912
000913
000914
000915
000919
000921
000922
000926
000927
000928
000929
000930
000932
000933
000934
000938
000939
000946
000949
000952
000953
000954
000957
000959
000966
000967
000970
000971
000972
000973
000975
000977
000978
000979
000980
000982
000985
000988
000989
000991
000992
000993
000994
000995
000996
001003
001006
001016
001018
001019
001025
001028
001033
001036
001038
001039
001041
001043
001045
001050
001051
001052
001055
001059
001062
001068
001069
001070
001077
001078
001079
001081
001086
001088
001090
001093
001096
001099
001100
001102
001103
001104
001106
001108
001110
001111
001112
001117
001118
001120
001124
001129
001131
001132
001135
001140
001144
001145
001147
001148
001152
001153
001155
001157
001158
001159
001163
001167
001168
001172
001173
001174
001175
001176
001178
001180
001184
001187
001191
001203
001205
001209
001211
001214
001215
001218
001220
001221
001226
001228
001229
001231
001233
001240
001241
001242
001243
001246
001253
001255
001256
001257
001261
001266
001268
001270
001275
001277
001279
001284
001287
001289
001292
001295
001298
001299
001300
001301
001302
001303
001306
001318
001321
001326
001327
001329
001330
001338
001340
001342
001352
001354
001355
001359
001360
001361
001363
001365
001367
001375
001384
001388
001391
001395
001396
001398
001402
001403
001405
001406
001408
001409
001415
001417
001418
001419
001421
001425
001429
001430
001441
001442
001446
001447
001451
001454
001459
001465
001470
001477
001480
001482
001483
001484
001487
001488
001489
001490
001495
001497
001498
001500
001504
001505
001515
001517
001519
001520
001521
001523
001524
001526
001527
001530
001531
001536
001537
001538
001540
001543
001552
001553
001554
001559
001560
001564
001565
001568
001570
001576
001577
001578
001581
001582
001584
001585
001589
001592
001593
001594
001596
001602
001605
001607
001608
001609
001610
001612
001617
001619
001622
001623
001626
001629
001633
001638
001640
001644
001649
001651
001652
001655
001657
001661
001663
001666
001667
001669
001671
001674
001675
001677
001678
001679
001681
001684
001686
001695
001699
001701
001709
001711
001715
001717
001719
001723
001724
001726
001728
001730
001735
001738
001740
001742
001743
001744
001746
001748
001753
001754
001755
001756
001758
001760
001764
001766
001767
001772
001773
001775
001779
001780
001781
001789
001796
001798
001800
001802
001803
001804
001806
001807
001809
001811
001813
001814
001818
001819
001824
001825
001827
001830
001833
001834
001837
001838
001844
001845
001848
001849
001851
001854
001856
001859
001865
001866
001868
001870
001878
001882
001889
001890
001894
001897
001900
001901
001902
001905
001908
001912
001915
001916
001917
001918
001923
001928
001932
001933
001934
001935
001936
001937
001940
001943
001944
001945
001946
001948
001951
001953
001954
001955
001956
001959
001960
001965
001973
001976
001977
001979
001984
001985
001986
001987
001988
001990
001993
001994
001996
001998
001999
002000
002004
002006
002009
002012
002016
002017
002019
002022
002028
002029
002030
002031
002036
002038
002039
002041
002042
002043
002045
002046
002049
002052
002056
002057
002060
002061
002064
002065
002071
002075
002077
002080
002082
002083
002085
002089
002091
002093
002094
002095
002096
002097
002098
002100
002102
002105
002106
002107
002108
002109
002112
002113
002114
002116
002117
002120
002121
002123
002127
002128
002130
002135
002138
002139
002143
002144
002147
002148
002152
002154
002155
002156
002160
002161
002164
002165
002167
002172
002178
002179
002180
002182
002185
002186
002187
002188
002189
002190
002199
002203
002204
002206
002208
002211
002212
002217
002219
002220
002225
002226
002227
002229
002231
002232
002235
002239
002240
002241
002244
002245
002249
002254
002256
002257
002258
002259
002263
002264
002270
002273
002274
002276
002280
002286
002288
002296
002297
002298
002299
002302
002303
002310
002311
002312
002313
002315
002317
002326
002327
002330
002338
002339
002341
002343
002344
002350
002351
002355
002356
002359
002363
002368
002369
002375
002376
002378
002379
002380
002384
002391
002393
002395
002399
002400
002401
002405
002407
002408
002410
002411
002412
002413
002420
002421
002423
002430
002433
002434
002438
002439
002441
002445
002447
002448
002451
002453
002456
002460
002464
002465
002466
002469
002473
002475
002478
002479
002482
002485
002487
002493
002495
002497
002499
002500
002501
002506
002511
002512
002514
002519
002520
002522
002523
002530
002531
002532
002533
002537
002539
002540
002542
002543
002545
002547
002548
002551
002552
002557
002558
002559
002567
002570
002571
002574
002576
002577
002580
002582
002588
002590
002598
002599
002601
002604
002605
002607
002608
002609
002610
002611
002612
002613
002614
002616
002619
002622
002623
002627
002629
002635
002636
002637
002638
002640
002642
002643
002645
002648
002650
002651
002653
002659
002661
002662
002664
002665
002669
002671
002673
002674
002675
002678
002687
002688
002689
002690
002692
002694
002695
002696
002698
002699
002700
002701
002703
002704
002706
002708
002710
002712
002714
002715
002724
002730
002735
002738
002739
002742
002746
002748
002750
002755
002758
002761
002766
002769
002771
002773
002774
002780
002782
002784
002785
002786
002787
002789
002791
002793
002805
002809
002810
002812
002813
002815
002816
002821
002823
002827
002829
002830
002833
002834
002837
002838
002840
002849
002852
002855
002858
002860
002866
002870
002874
002876
002882
002885
002886
002891
002896
002900
002902
002903
002904
002907
002908
002909
002911
002918
002922
002928
002930
002931
002934
002935
002941
002948
002950
002952
002956
002957
002959
002960
002961
002962
002964
002965
002971
002972
002978
002984
002989
002990
002991
002993
002996
002999
003002
003006
003011
003012
003015
003018
003019
003027
003031
003035
003036
003037
003042
003046
003049
003050
003051
003052
003054
003055
003056
003057
003058
003059
003064
003070
003072
003076
003077
003082
003083
003084
003085
003086
003088
003089
003090
003103
003107
003108
003109
003112
003114
003117
003119
003120
003126
003130
003133
003135
003137
003141
003142
003143
003145
003146
003148
003149
003151
003153
003154
003155
003163
003164
003165
003168
003170
003178
003179
003180
003181
003184
003187
003188
003189
003190
003191
003194
003196
003200
003202
003203
003205
003207
003211
003215
003216
003218
003221
003228
003229
003230
003231
003233
003238
003241
003245
003247
003249
003250
003253
003254
003256
003258
003260
003263
003264
003266
003272
003273
003274
003276
003284
003285
003287
003288
003289
003290
003291
003292
003293
003297
003299
003300
003302
003303
003307
003310
003316
003318
003324
003327
003328
003331
003338
003339
003342
003343
003344
003347
003349
003350
003351
003355
003359
003364
003366
003367
003372
003374
003377
003378
003382
003386
003388
003391
003399
003402
003405
003408
003414
003415
003419
003420
003422
003423
003425
003427
003431
003432
003434
003435
003439
003441
003442
003443
003444
003445
003448
003449
003451
003452
003457
003459
003461
003463
003466
003467
003473
003474
003479
003480
003481
003487
003491
003494
003496
003497
003498
003501
003504
003513
003515
003516
003521
003522
003523
003525
003530
003531
003532
003533
003535
003536
003544
003546
003547
003549
003550
003551
003553
003560
003565
003568
003569
003572
003575
003577
003579
003587
003588
003590
003592
003594
003599
003600
003603
003605
003606
003607
003608
003613
003614
003616
003617
003621
003622
003623
003625
003627
003628
003629
003630
003635
003636
003637
003639
003645
003646
003648
003649
003651
003652
003653
003656
003658
003661
003662
003663
003664
003666
003667
003670
003673
003675
003677
003680
003685
003686
003688
003696
003698
003703
003705
003706
003708
003710
003711
003712
003716
003722
003723
003724
003725
003727
003732
003734
003736
003737
003740
003742
003745
003746
003748
003753
003754
003758
003760
003763
003764
003767
003768
003770
003778
003779
003780
003781
003783
003788
003790
003791
003794
003795
003797
003801
003802
003806
003807
003809
003810
003813
003814
003815
003816
003817
003821
003823
003827
003829
003831
003836
003837
003840
003841
003843
003844
003848
003850
003852
003853
003854
003856
003857
003860
003867
003872
003874
003875
003876
003877
003880
003881
003882
003888
003889
003890
003898
003899
003901
003902
003904
003905
003908
003909
003912
003913
003914
003915
003917
003922
003924
003925
003926
003927
003931
003932
003938
003944
003945
003950
003952
003953
003956
003957
003959
003964
003965
003966
003967
003968
003970
003971
003973
003977
003983
003987
003988
003990
003991
003992
003993
003996
004000
004001
004002
004003
004004
004006
004009
004010
004011
004013
004020
004021
004023
004024
004027
004029
004031
004034
004036
004037
004038
004039
004040
004043
004045
004049
004050
004051
004053
004055
004059
004062
004067
004070
004071
004072
004075
004082
004083
004084
004086
004088
004089
004091
004093
004096
004097
004099
004100
004103
004105
004106
004111
004112
004115
004116
004118
004127
004129
004130
004132
004133
004134
004135
004139
004140
004142
004144
004145
004148
004150
004153
004159
004164
004168
004170
004174
004175
004181
004191
004193
004197
004201
004203
004208
004209
004211
004212
004215
004220
004221
004224
004226
004228
004229
004230
004231
004234
004235
004237
004239
004240
004242
004247
004248
004249
004252
004253
004255
004257
004258
004261
004263
004269
004271
004272
004276
004282
004283
004287
004288
004290
004292
004305
004307
004310
004311
004312
004315
004319
004320
004323
004324
004325
004327
004337
004339
004344
004348
004351
004353
004354
004355
004359
004360
004363
004364
004366
004373
004375
004376
004377
004379
004382
004383
004386
004387
004390
004393
004394
004395
004397
004399
004408
004412
004419
004423
004426
004427
004428
004430
004432
004433
004434
004436
004438
004439
004441
004444
004445
004447
004448
004450
004451
004452
004459
004468
004473
004479
004480
004483
004485
004486
004487
004491
004492
004494
004495
004497
004500
004502
004503
004504
004506
004507
004509
004510
004511
004512
004514
004516
004517
004521
004522
004527
004531
004533
004535
004536
004538
004539
004540
004541
004548
004549
004559
004560
004566
004568
004571
004573
004579
004583
004584
004585
004586
004589
004590
004591
004595
004596
004597
004599
004605
004606
004608
004609
004610
004611
004613
004615
004618
004623
004624
004627
004630
004632
004634
004638
004639
004641
004643
004644
004648
004652
004657
004659
004661
004663
004664
004666
004671
004672
004678
004688
004692
004693
004694
004697
004700
004704
004705
004707
004708
004710
004711
004712
004715
004723
004726
004729
004730
004732
004733
004737
004743
004746
004747
004749
004750
004751
004754
004756
004758
004759
004760
004762
004769
004771
004772
004778
004783
004785
004786
004796
004797
004800
004801
004803
004805
004814
004818
004819
004824
004828
004829
004830
004832
004833
004834
004837
004838
004842
004843
004847
004848
004853
004854
004855
004857
004858
004859
004860
004863
004865
004866
004867
004869
004870
004873
004875
004876
004881
004882
004883
004884
004886
004888
004889
004893
004896
004897
004904
004907
004916
004918
004919
004921
004925
004928
004929
004930
004933
004934
004936
004940
004944
004945
004952
004953
004955
004956
004960
004962
004965
004966
004970
004971
004978
004980
004981
004982
004983
004985
004987
004989
004990
004991
004992
004993
005000
005001
005003
005013
005015
005020
005021
005022
005024
005025
005026
005028
005032
005034
005035
005036
005039
005041
005048
005049
005050
005055
005057
005058
005060
005061
005063
005064
005065
005066
005071
005074
005079
005080
005083
005088
005089
005090
005096
005100
005103
005105
005107
005108
005110
005112
005115
005118
005120
005122
005123
005127
005128
005130
005133
005135
005138
005145
005146
005148
005149
005153
005156
005161
005163
005171
005172
005174
005175
005178
005179
005183
005184
005186
005189
005192
005193
005194
005196
005199
005205
005206
005208
005211
005219
005222
005224
005229
005230
005237
005238
005239
005246
005249
005253
005256
005258
005262
005268
005270
005273
005278
005280
005286
005288
005289
005290
005293
005294
005295
005296
005298
005307
005308
005309
005311
005315
005316
005320
005322
005323
005324
005326
005329
005332
005335
005336
005339
005340
005341
005345
005347
005348
005349
005350
005352
005353
005354
005358
005359
005360
005364
005365
005367
005369
005372
005374
005375
005378
005379
005380
005382
005383
005384
005388
005391
005393
005394
005399
005400
005402
005405
005406
005407
005408
005409
005411
005413
005419
005423
005424
005425
005428
005429
005431
005432
005433
005434
005437
005439
005440
005447
005453
005455
005457
005459
005462
005464
005465
005467
005472
005473
005478
005481
005482
005483
005484
005487
005488
005489
005490
005493
005494
005496
005500
005501
005502
005506
005508
005509
005511
005515
005518
005519
005522
005523
005525
005528
005530
005532
005533
005534
005536
005538
005540
005548
005552
005556
005558
005560
005561
005567
005573
005577
005579
005580
005582
005584
005586
005587
005596
005597
005598
005599
005601
005604
005608
005612
005613
005614
005615
005621
005622
005624
005629
005632
005636
005639
005641
005644
005646
005647
005649
005656
005657
005662
005666
005668
005676
005680
005682
005684
005687
005691
005694
005696
005700
005706
005709
005710
005714
005716
005723
005724
005725
005726
005729
005730
005732
005734
005735
005736
005737
005743
005744
005746
005747
005748
005751
005756
005757
005760
005761
005762
005763
005764
005770
005771
005772
005777
005778
005779
005784
005785
005789
005796
005798
005800
005801
005802
005805
005807
005809
005811
005813
005817
005819
005820
005827
005828
005830
005831
005835
005836
005837
005838
005839
005844
005845
005847
005848
005849
005851
005852
005853
005854
005857
005863
005864
005868
005871
005874
005880
005881
005882
005884
005886
005892
005893
005895
005900
005901
005906
005908
005909
005910
005915
005921
005922
005924
005926
005927
005934
005936
005938
005944
005947
005948
005949
005950
005953
005959
005960
005961
005963
005967
005971
005972
005974
005975
005978
005979
005982
005983
005984
005990
005994
005997
005998
006000
006004
006005
006006
006011
006012
006015
006016
006017
006018
006019
006023
006025
006026
006029
006034
006037
006039
006040
006044
006045
006047
006054
006056
006061
006062
006063
006064
006067
006069
006074
006076
006082
006085
006089
006097
006099
006102
006104
006105
006107
006109
006111
006112
006117
006121
006122
006123
006124
006129
006139
006141
006142
006145
006147
006152
006153
006160
006162
006163
006164
006166
006169
006170
006172
006173
006176
006178
006180
006184
006186
006188
006190
006193
006198
006199
006203
006207
006208
006212
006213
006214
006221
006224
006225
006229
006233
006234
006235
006237
006239
006240
006241
006248
006249
006251
006254
006255
006256
006257
006258
006260
006263
006264
006268
006269
006270
006273
006274
006279
006282
006283
006286
006287
006288
006290
006291
006292
006294
006298
006299
006300
006302
006304
006307
006312
006314
006318
006321
006322
006323
006327
006329
006331
006333
006334
006335
006336
006337
006340
006350
006353
006361
006363
006365
006370
006374
006376
006377
006378
006379
006380
006386
006387
006388
006391
006392
006393
006395
006398
006399
006401
006402
006405
006408
006409
006410
006412
006414
006415
006417
006418
006420
006422
006423
006424
006427
006428
006435
006438
006442
006444
006446
006449
006451
006454
006456
006461
006462
006467
006469
006470
006471
006474
006477
006478
006479
006480
006483
006486
006488
006490
006492
006493
006494
006499
006502
006503
006507
006508
006509
006510
006512
006514
006519
006520
006521
006522
006524
006529
006530
006536
006537
006539
006542
006544
006549
006550
006552
006553
006558
006562
006569
006570
006572
006573
006576
006578
006580
006581
006583
006584
006586
006588
006594
006597
006599
006601
006602
006604
006605
006606
006612
006615
006618
006619
006622
006626
006628
006635
006638
006640
006641
006644
006645
006646
006650
006660
006664
006665
006668
006673
006679
006680
006681
006684
006689
006690
006692
006693
006694
006696
006703
006704
006707
006709
006711
006716
006718
006719
006723
006727
006728
006731
006733
006734
006735
006738
006739
006740
006741
006744
006745
006746
006747
006749
006751
006755
006757
006760
006762
006763
006770
006779
006781
006788
006790
006791
006793
006794
006795
006796
006797
006799
006801
006804
006811
006812
006813
006815
006816
006817
006818
006819
006822
006827
006828
006830
006831
006833
006837
006838
006841
006844
006852
006853
006855
006860
006862
006863
006865
006870
006873
006874
006877
006878
006881
006884
006885
006887
006889
006891
006892
006893
006894
006900
006903
006908
006913
006914
006915
006917
006921
006922
006925
006928
006933
006935
006940
006942
006943
006945
006947
006950
006959
006961
006965
006975
006977
006979
006981
006982
006983
006984
006985
006986
006988
006991
006992
006993
006994
006997
007000
007002
007005
007009
007010
007011
007015
007019
007026
007027
007028
007030
007031
007032
007034
007037
007038
007039
007042
007046
007047
007048
007051
007052
007053
007054
007055
007060
007062
007064
007065
007066
007068
007069
007072
007075
007076
007081
007085
007086
007087
007096
007099
007100
007101
007102
007108
007109
007111
007113
007114
007115
007117
007118
007119
007121
007128
007129
007132
007142
007145
007147
007148
007150
007152
007153
007154
007156
007157
007159
007161
007165
007166
007170
007171
007173
007175
007176
007178
007181
007190
007193
007196
007204
007205
007206
007207
007208
007209
007215
007217
007220
007221
007223
007224
007228
007230
007235
007237
007243
007244
007246
007248
007250
007254
007255
007259
007267
007269
007270
007271
007273
007275
007281
007282
007286
007287
007292
007295
007296
007297
007300
007302
007303
007304
007307
007308
007310
007312
007313
007318
007321
007322
007324
007325
007329
007335
007340
007343
007347
007348
007350
007352
007354
007355
007357
007358
007360
007363
007364
007366
007367
007368
007371
007372
007373
007376
007381
007385
007386
007388
007389
007392
007393
007397
007399
007401
007402
007403
007408
007410
007411
007413
007418
007419
007420
007422
007423
007424
007426
007434
007435
007437
007439
007440
007449
007450
007452
007457
007461
007467
007468
007473
007477
007478
